0000000100001011
0001000000000011
0000100101101111
0101010101010101
0000000000001100
0000000000000100
0000000000000000
0000000000000000
0000000000000111
0000000000001000
0000000000001010
0000000000001001
0000000000000111
0000000000001001
0000000000001010
0000000000001001
0000000000001010
0000000000001010
0000000000001001
0000000000001001
0000000000000111
0000000000000110
0000000000000111
0000000000001010
0000000000000111
0000000000001001
0000000000001001
0000000000001010
0000000000001001
0000000000001001
0000000000001010
0000000000001010
0000000000001001
0000000000001010
0000000000001001
0000000000000111
0000000000001001
0000000000001010
0000000000001001
0000000000000111
0000000000000111
0000000000000110
0000000000001010
0000000000001001
0000000000001001
0000000000000110
0000000000000111
0000000000000111
0000000000000111
0000000000001001
0000000000000111
0000000000001001
0000000000001010
0000000000001001
0000000000001001
0000000000001001
0000000000000111
0000000000001001
0000000000000111
0000000000000111
0000000000001001
0000000000000111
0000000000001010
0000000000001010
0000000000001010
0000000000001001
0000000000001100
0000000000001010
0000000000001001
0000000000001010
0000000000001001
0000000000001010
0000000000001001
0000000000001010
0000000000001001
0000000000001100
0000000000001010
0000000000001100
0000000000001010
0000000000001010
0000000000001001
0000000000001100
0000000000001001
0000000000001010
0000000000001010
0000000000001001
0000000000001010
0000000000001001
0000000000000111
0000000000001001
0000000000000111
0000000000001001
0000000000001001
0000000000000111
0000000000001010
0000000000001001
0000000000001010
0000000000001001
0000000000001010
0000000000001010
0000000000001001
0000000000000111
0000000000001001
0000000000001010
0000000000001010
0000000000000111
0000000000000110
0000000000001001
