1111110111111101
1111001100111111
1101000111100010
1110011000001101
0000000000001101
0000000000000001
1101011101110101
1111111111011111
0000000000001000
0000000000001011
0000000000000110
0000000000000111
0000000000001000
0000000000001101
0000000000001010
0000000000001011
0000000000001011
0000000000000111
0000000000001001
0000000000000111
0000000000001000
0000000000001001
0000000000000111
0000000000000110
0000000000001011
0000000000001001
0000000000001001
0000000000000111
0000000000001000
0000000000001011
0000000000001010
0000000000001001
0000000000001011
0000000000000111
0000000000000110
0000000000001001
0000000000001000
0000000000000111
0000000000001010
0000000000000111
0000000000001000
0000000000000110
0000000000001000
0000000000000110
0000000000001001
0000000000001100
0000000000000110
0000000000001000
0000000000000110
0000000000001000
0000000000001001
0000000000001010
0000000000000110
0000000000001000
0000000000000101
0000000000000111
0000000000000101
0000000000000111
0000000000001010
0000000000001011
0000000000001100
0000000000001000
0000000000001000
0000000000000110
0000000000001000
0000000000000111
0000000000001011
0000000000001100
0000000000001100
0000000000001000
0000000000001000
0000000000001100
0000000000001000
0000000000000111
0000000000001000
0000000000001000
0000000000000101
0000000000001000
0000000000000101
0000000000000110
0000000000000110
0000000000001010
0000000000001011
0000000000001000
0000000000000110
0000000000001000
0000000000001011
0000000000001001
0000000000001001
0000000000001000
0000000000001001
0000000000000110
0000000000001001
0000000000000111
0000000000001010
0000000000000110
0000000000000110
0000000000000110
0000000000000111
0000000000001001
0000000000001001
0000000000001000
0000000000000111
0000000000000101
0000000000000111
0000000000001001
0000000000001010
0000000000000101
