1111110111111101
1111001100111111
1111111111001111
1110011000001101
1101111111111111
1011111011011100
1101011101110101
1111111111011111
0000110111001101
1111000001011101
1001100101011100
1111111111010110
1110110110111000
1111011010011101
1110110010111001
0110010001011111
1111011011011001
0011110100111111
1100011111111100
0111111111001010
1101111101111111
1110111001111010
0011111011010111
0101111001110011
1111011011011111
1110010011111011
1100101101111101
1101111111111111
1111100110000111
1011011110011101
1010111110101100
1111010001110111
1101001001101101
1011001011100110
0111110111100111
0100101100101111
1111001011110111
0111000111000111
1110011110111110
1111111011110011
1110110101010011
1011010111010110
1101110000111011
0101110100110001
1101111111001111
1110001111001101
1001011001110010
1010111111111111
0011000100100011
1100110010111000
1111011110110111
1110110010011011
1110101101110010
1111011111110111
0101101011111000
0000110001111111
0001111011010110
1111111110110000
1101010100111101
1100011011011111
1110111000000011
1111011101110110
0111100001101001
0111110011000010
1100111101011010
0011011111011011
1111111100101111
1110111010001011
1100010100101101
1111001111111100
1100100101101111
1110011100111111
0100111011101011
1101010111010111
0011111000110111
1010111111011110
0010110111110111
1001111011011111
0011110111110101
1111100111011011
0101101001010110
1111101101001111
1110111111001111
0110100100011011
1101000110010011
1100101011000011
1110111100000110
1001111010000111
1000110110011101
1011010111011100
1111101110101001
1001010110111110
0111111010101110
1011101010111011
1111011010110111
0111000111101000
0001111110111111
1101100101010100
1101111111011011
1101111011101111
0110101010111100
0100111111101111
0110100111000111
1001100001111110
1111101111011011
1110100011101111
1111111011000001
0011010111110111
