0000000000000110
1011011001000000
0000000000000000
0000000000000000
0000000000000000
0000000000000000
0000000000000000
0000000000000000
1100111010110000
1101111011110011
0001011100110100
1011110000110011
0011101000000100
1010010001011010
1111000001100010
1110101101111111
0011111000000001
1111110011101011
1000011000111000
1110111001001101
0011100110011000
0111101001110111
1011111101100011
0001010100111101
1110001111101100
1101111111000010
0101000010110111
1000100110101010
1000100110111111
0000001001100001
0001101111110100
1011010111010011
1101101010101110
1110011100000110
1110010000011100
1100010000000110
1101010110100001
1101001001010010
0100010100010000
1100010011011101
1010101101101101
0111001001100111
0110111010001101
0010010011011001
0010010010001000
0110011101011101
1001010000001001
1110011010011000
0110111010001110
0010101001111100
1101010010111010
0101001101111111
1100111100110111
0111111001000101
0011111001100010
1101000100111000
0001011110110000
0011100110110001
1110011101100000
1000111101111001
0000010011101101
1101001111001101
0011100100110010
0110101101011000
0100101000000011
0110101001000001
0101101101110101
0010011011001101
0110000110000100
1101110010000101
1001110010001110
1111110110101110
0111110101010011
1000100011001100
1000011010011011
0000011000101100
0111110010010110
0010011011101101
1111001110111011
0011011010010111
1011011000100011
0101001111111001
1000110001111100
1111000101101001
1010111101011110
1000000101001000
0011110101110111
0001101000110010
1000100011001010
1000110111010011
0011110101111101
0101100111101101
1000000000100011
0110000000100100
1101100110111100
0100111000111000
1001001101000101
0100010100000111
0101010110001000
1010011010000110
0100111001010111
0001101100011110
0010111001001110
1010110100111011
0100010100110101
1011111010110011
1001011101001110
0101111010101110
